6
QP 1 1
535.846420495784
QD 1 1
535.846420027220
nIter 1 1
135
exitflag 1 1
1
solver_time 1 1
0.003102974501
x 100 1
0.197279275242
0.000000000000
0.000000000000
0.104451958174
0.000000000000
0.034567859206
0.000000000000
0.000000000000
0.000000000000
0.044977699149
0.439012805231
0.097635154409
0.689544248576
0.424823289179
0.047711077718
0.138605047950
0.016696356557
0.188850912450
0.113603484814
0.154902758815
0.683276655810
0.492116486691
0.602739637377
0.551131645757
1.044975305733
0.674592207624
0.652250824176
0.365745378232
0.548137818945
0.453459875055
0.205117726082
0.000000000000
0.000000000000
0.000000000000
0.000000000000
0.125430834859
0.245348460760
0.288933732481
0.495248446864
0.272447839564
0.000000000000
0.000000000000
0.000000000000
0.000000000000
0.000000000000
0.208640765335
0.000000000000
0.092819303208
0.015705196481
0.045685694934
0.187412345525
0.011768767794
0.000000000000
0.000000000000
0.157626891843
0.078103712043
0.203181950021
0.062849181784
0.000000000000
0.000000000000
0.000000000000
0.470713675036
0.602037771540
1.072552454226
0.409292483864
0.618615800173
0.715248036576
0.000000000000
0.386181127746
0.290035302539
0.000000000000
0.000000000000
0.000000000000
0.006328222950
0.000000000000
0.000000000000
0.178708209550
0.000000000000
0.000000000000
0.000000000000
0.314560930353
0.102858687257
0.000000000000
0.000000000000
0.000000000000
0.240057642519
0.309529808063
0.270872665053
0.128293018411
0.000000000000
0.033890459217
0.631733343046
0.153392339289
0.426380184437
0.673041181780
0.397317855875
0.398407348621
0.480186252560
0.601344112386
0.651340566289
