6
QP 1 1
8821.080926007404
QD 1 1
8821.080917426409
nIter 1 1
125
exitflag 1 1
1
solver_time 1 1
0.008189891232
x 300 1
0.000000000000
0.064097188701
0.000000000000
0.000000000000
0.000000000000
0.000000000000
0.064023105830
0.000000000000
0.360255610957
0.090537142312
0.388587969140
0.463540509816
0.553528606037
0.260725200500
0.272740203006
0.088541947775
0.563407997628
0.136465840880
0.148896814910
0.652246232507
0.000000000000
0.416784736005
0.204968027438
0.000000000000
0.000000000000
0.000000000000
0.000236895583
0.449161469605
0.000000000000
0.000000000000
0.000000000000
0.098613006600
0.000000000000
0.000000000000
0.000000000000
0.000000000000
0.000000000000
0.000000000000
0.000000000000
0.000000000000
0.000000000000
0.361435568205
0.000000000000
0.000000000000
0.000000000000
0.364940752322
0.000000000000
0.000000000000
0.019876927887
0.129395127736
0.000000000000
0.000000000000
0.079284648338
0.562746276519
0.485674144164
0.333989545942
0.250290145170
0.315667425467
0.000000000000
0.000000000000
0.430774121714
0.409917436487
0.000000000000
0.000000000000
0.395101382899
0.000000000000
0.000000000000
0.291815879880
0.000000000000
0.163498979340
0.605482901848
0.493828647075
0.845843888583
0.498460569006
0.739162464789
0.434193450043
0.661504794464
1.010009083443
0.617179783765
0.132259208886
0.000000000000
0.318841231997
0.340097945946
0.416898962455
0.600315883007
0.188564878423
0.000000000000
0.241891384952
0.335140952163
0.280128010757
0.000000000000
0.641087279630
0.167909031085
0.312994477949
0.180605307821
0.419014429345
0.056534166847
0.000000000000
0.000000000000
0.209997984923
0.000000000000
0.000000000000
0.000000000000
0.000000000000
0.068638674461
0.000000000000
0.000000000000
0.000000000000
0.084100595839
0.000000000000
1.196071151283
0.677793465708
1.192222471099
0.430077740736
0.569610677690
0.000000000000
0.620011190307
1.184561313120
0.853639962547
0.743868793111
0.086404157958
0.535427334358
0.333784817184
0.668029080615
0.354174592910
0.645700418852
0.474112507561
0.387902875680
0.444256143385
0.521172394398
0.867789059244
1.190394290800
0.801195703152
1.046509128997
1.160652424792
0.927940806437
0.673044291295
0.751443983571
0.824970747371
1.074205348942
0.330327306131
0.570646623808
0.384934734214
0.776089703801
0.667051205829
0.215495019369
0.452676472388
0.401923118059
0.215027536008
0.645771697194
0.000000000000
0.551862108219
0.475664402216
0.424539028301
0.409856676876
0.625619607253
0.000000000000
0.223122433477
0.530852220211
0.944978200747
0.363691056193
0.000000000000
0.000000000000
0.207393672810
0.000000000000
0.000000000000
0.000000000000
0.000000000000
0.094218931182
0.000000000000
0.000000000000
0.061158226600
0.000000000000
0.000000000000
0.000000000000
0.000000000000
0.095665005021
0.078414128435
0.467620040112
0.275430317724
0.295463978320
0.000000000000
0.060443021565
0.000000000000
0.367382106589
0.000000000000
0.173117937346
0.035214121938
0.000000000000
0.000000000000
0.389888498867
0.137774706526
0.000000000000
0.000000000000
0.000000000000
0.000000000000
0.000000000000
0.000000000000
0.110508863070
0.000000000000
0.730485976935
0.357756406796
0.984096366709
1.238590343745
1.148526008952
0.535039726689
0.769471435288
0.956173343698
0.494032459969
1.167012381720
0.000000000000
0.000000000000
0.000000000000
0.034393432718
0.000000000000
0.000000000000
0.136770549358
0.025231156523
0.000000000000
0.000000000000
0.982408855878
0.679974924657
0.727404268703
0.370171572793
0.304919135227
1.085218278400
0.907968350151
0.957997304081
0.000000000000
0.796708922909
0.025224881368
0.124540119121
0.000000000000
0.000000000000
0.000000000000
0.000000000000
0.522059653434
0.000000000000
0.000000000000
0.097819086211
0.000000000000
0.424909296907
0.160797643731
0.000000000000
0.000000000000
0.149697454117
0.000000000000
0.438823845436
0.000000000000
0.040491345911
0.874437978641
0.257749704275
0.388062362227
0.000000000000
0.956278016954
0.372208427707
0.830400601307
0.329049008075
0.829025842395
0.190916898418
0.032964727956
0.222367081156
0.351003669538
0.000000000000
0.000000000000
0.099430601324
0.000000000000
0.000000000000
0.000000000000
0.000000000000
0.088281898411
0.000000000000
0.192586256656
0.000000000000
0.000000000000
0.222778021747
0.112804436314
0.204400478178
0.370899828826
0.000000000000
0.000000000000
0.334859553717
0.151516133806
0.320117406597
0.094886341281
0.321993078519
0.580642141646
0.737458994235
0.232746499423
0.271953519477
0.000000000000
0.098631744000
0.373393163248
0.479313696393
0.324763221528
0.014229774034
0.356716840416
0.249489035880
0.000000000000
0.000000000000
